,DATE,Producer Price Index(By  Industry in $),Export Price Index(End Use of semiconductors),Import Price Index(in $ End Use of semiconductors),No. of employed peoples in semiconductor industry,Export Price Index (End use excluding without semiconductors),Relative Importance Weights (Contribution to the Total Industrial Production Index % WISE),"Import Price Index (End Use): Capital Goods, Excluding Computers, Peripherals, and Semiconductors","Export Price Index(End Use): Capital Goods, Excluding Computers, Peripherals, and Semiconductors","Industrial Production: Non-Energy Excluding Motor Vehicles & Parts, Computers, Communications Equipment, and Semiconductors"
180,2000-01-01,88.8,102,101,641.0,102.7,8.293,100.5,100.0,111.9349
181,2000-01-02,88.6,101.9,100.7,646.0,100.5,8.3383,100.4,100.2,111.9804
182,2000-01-03,88.6,101.3,100.3,649.0,100.5,8.366,100.1,99.8,112.3424
183,2000-01-04,88.9,101.4,101.2,654.3,100.1,8.359,100.5,100.1,112.6512
184,2000-01-05,88.5,101,100.6,659.1,100.2,8.396,100.4,100.6,112.1211
185,2000-01-06,88.8,99.5,100.1,670.7,99.9,8.2997,100.1,100.7,112.2614
186,2000-01-07,89.3,99.3,99.3,683.8,100,8.377,100,101.1,112.2939
187,2000-01-08,89.2,99.2,99.6,691.3,99.4,8.3318,99.9,101.5,111.052
188,2000-01-09,89.1,99,99.4,696.7,99.3,8.2083,99.8,101.8,111.5116
189,2000-01-10,88.8,98.6,99.7,703.5,99.2,8.1089,99.6,102.2,111.0077
190,2000-01-11,88.6,98.4,99.5,708.9,99.2,8.0512,99.5,102.2,110.7551
191,2000-01-12,87.9,98.4,98.7,710.4,99,7.9719,99.3,102.3,110.1636
192,2001-01-01,87.9,97.7,98.7,714.5,98.8,7.7439,99.2,102.1,110.0622
193,2001-01-02,87.5,97.5,98.4,712.3,98.7,7.4734,99.2,102.6,109.0582
194,2001-01-03,87.3,97.9,98.1,704.4,98.2,7.2383,99.5,103.2,108.2228
195,2001-01-04,87.1,96.5,97.3,686.5,98.2,6.8663,99.1,103.5,107.973
196,2001-01-05,86.9,96.1,96.9,669.4,97.2,6.5356,98.9,103.4,107.1378
197,2001-01-06,86.5,95.2,96.3,649.1,96.4,6.2161,98.8,103.5,106.7364
198,2001-01-07,86.3,94,96.7,630.2,96,5.9442,98.7,103.7,106.3056
199,2001-01-08,85.6,94.3,96.7,614.7,94.9,5.8668,98.6,103.7,105.9473
200,2001-01-09,85.4,94.3,96.2,606.3,94.9,5.871,98.7,103.7,105.7625
201,2001-01-10,85.3,90.3,96.5,595.1,94.9,5.8718,98.8,104.2,105.3198
202,2001-01-11,85.4,90.3,96.4,584.8,94.3,5.7994,98.6,104.6,104.5291
203,2001-01-12,85.4,90.6,95.2,575.4,92.5,5.878,98.3,105.2,104.2948
204,2002-01-01,85.7,88.4,95.2,563.4,92.3,5.7732,97.6,105.5,105.0674
205,2002-01-02,85.8,88.4,95.4,553.4,92.9,5.856,97.2,106.5,104.7875
206,2002-01-03,86.1,88.7,95.5,544.8,93.3,5.8162,96.9,107.2,105.5071
207,2002-01-04,85.4,88.9,95.9,539.9,92.8,5.7772,96.8,108.1,105.4927
208,2002-01-05,84.9,88.5,95.9,535.8,91.7,5.7112,96.6,108.8,106.0787
209,2002-01-06,84.8,87.2,95.6,529.3,89.8,5.6602,96.9,109.3,107.0385
210,2002-01-07,84.8,86.1,94.2,523.3,89.8,5.6023,96.9,108.7,106.4622
211,2002-01-08,84.6,86.1,94.2,514.7,89.7,5.569,97.3,109.3,106.6785
212,2002-01-09,84.6,86.3,94.2,507.4,88.6,5.4852,97.1,108.8,106.804
213,2002-01-10,84.3,85.8,93.3,501.0,88.3,5.3778,96.9,109.2,106.5
214,2002-01-11,84.3,85.8,93.3,493.0,87.8,5.2793,96.8,110.1,106.4972
215,2002-01-12,83.0,85.1,92.7,487.0,88,5.2178,97,110.5,106.1407
216,2003-01-01,82.8,84.3,92.1,481.2,88.2,5.1265,97.2,110.7,106.4915
217,2003-01-02,82.4,84.3,92.5,476.7,89,5.1619,97.4,111.7,106.4576
218,2003-01-03,82.4,84.3,91.9,473.5,88.9,5.1265,97.6,111.8,106.4428
219,2003-01-04,82.6,84.4,92.5,468.5,88.8,5.1249,97.6,112.7,105.4721
220,2003-01-05,82.7,84.2,91.6,463.6,88.8,5.1301,97.7,113.4,105.3861
221,2003-01-06,82.1,80.2,91.7,460.0,88.1,5.1732,98.1,113.2,105.5992
222,2003-01-07,82.1,80.4,93,455.6,88,5.2567,98.3,113.2,105.2
223,2003-01-08,80.0,80.4,92.9,453.7,87.9,5.3267,98.1,113.5,104.9765
224,2003-01-09,79.1,79.6,93.5,451.4,87.6,5.3534,97.8,113.5,105.2405
225,2003-01-10,79.1,78.2,93,449.3,87.7,5.4286,97.8,114.7,105.2924
226,2003-01-11,79.3,77.8,93,449.5,87.8,5.4417,98.3,115.7,106.1
227,2003-01-12,78.4,77.6,91.3,449.7,88.6,5.4349,98.2,114.9,105.9077
228,2004-01-01,77.7,76.9,90.7,448.6,87.9,5.475,98.7,115.1,105.586
229,2004-01-02,78.4,77.6,90.4,450.3,88.4,5.4557,98.7,116.0,106.3147
230,2004-01-03,78.1,78.1,90.3,450.4,88.6,5.451,98.8,116.3,106.3017
231,2004-01-04,78.8,78.2,88.7,451.7,89,5.3553,98.8,116.5,106.8009
232,2004-01-05,78.3,78.2,89,454.1,88.8,5.2848,98.7,117.5,107.7948
233,2004-01-06,78.5,77.4,88.8,455.7,87.3,5.2661,98.7,118.5,107.2925
234,2004-01-07,78.5,77.3,87.9,458.8,86.9,5.1474,99,119.5,108.4802
235,2004-01-08,78.3,77.2,87.9,458.1,86.7,5.1117,99.2,120.1,108.7337
236,2004-01-09,78.2,77,87.7,458.3,86.3,5.0936,99.2,120.8,108.7077
237,2004-01-10,78.3,76.8,86.8,457.4,85.3,5.014,99.4,120.3,109.5049
238,2004-01-11,78.0,76.8,86.8,455.4,84.5,4.9471,99.7,119.9,109.6937
239,2004-01-12,78.1,76.9,86.6,450.9,83.9,4.9001,100.2,120.6,110.1122
240,2005-01-01,77.7,76.8,86.5,449.9,83.1,4.9296,100.9,121.4,110.8784
241,2005-01-02,77.5,76.5,86.4,451.5,83.1,4.9216,101.1,122.1,111.3493
242,2005-01-03,77.2,76.4,86.6,451.8,82.4,4.888,101.2,123.2,111.0395
243,2005-01-04,76.9,75.9,86.2,451.0,81.6,4.8823,101.5,124.3,111.464
244,2005-01-05,76.6,75.8,86,451.1,81.3,4.846,101.6,124.9,111.7924
245,2005-01-06,76.4,76.1,86,451.2,81,4.7791,101.6,125.3,111.6551
246,2005-01-07,76.6,75.1,85.1,451.8,79.6,4.8087,101.4,125.8,111.6232
247,2005-01-08,76.8,72.8,85.3,452.6,79.7,4.84,101.4,126.0,111.6953
248,2005-01-09,76.2,72.5,84.6,453.2,79.3,5.0051,101.6,126.3,110.055
249,2005-01-10,75.9,72.5,84,453.2,78.5,4.9982,101.5,126.8,111.6313
250,2005-01-11,75.2,72.2,84,452.8,77.7,4.9307,101.5,127.9,112.5736
251,2005-01-12,74.9,72.1,84.8,452.4,77.3,4.8895,101.4,129.2,113.0672
252,2006-01-01,74.6,71.5,84.6,451.4,78.2,4.8592,101.7,129.9,113.7453
253,2006-01-02,74.3,70.5,84.7,455.7,78,4.8582,102,131.7,113.4096
254,2006-01-03,74.6,70.4,85,456.7,78,4.8134,102,133.0,113.3168
255,2006-01-04,75.0,70.1,84.8,460.1,77.4,4.7561,102.2,135.6,113.7013
256,2006-01-05,75.2,69.7,84.5,459.6,77.6,4.747,102.4,136.2,113.1684
257,2006-01-06,75.1,69.4,84.8,461.0,77.1,4.7181,103,136.8,113.1166
258,2006-01-07,75.3,68.7,85.5,461.7,76.8,4.669,103.2,138.2,113.3892
259,2006-01-08,75.3,67.3,85.4,461.1,76.5,4.6657,103.2,140.7,113.492
260,2006-01-09,75.8,67.3,85.2,459.7,77,4.6832,103.4,138.3,113.6099
261,2006-01-10,75.5,67.3,86,458.1,76.7,4.6219,103.5,137.2,113.2498
262,2006-01-11,75.4,67.2,86,456.5,76.1,4.5702,103.5,134.3,113.0781
263,2006-01-12,75.6,67.1,85.5,452.6,75.5,4.4674,103.7,129.7,114.6866
264,2007-01-01,75.4,66.8,85,456.2,74.2,4.6608,104.3,126.7,114.2037
265,2007-01-02,72.6,67.2,84.3,454.4,73.6,4.5811,104.3,127.6,114.3362
266,2007-01-03,71.6,67.2,83.7,451.6,72.8,4.6398,104.5,127.1,114.9497
267,2007-01-04,71.5,67.7,80.5,449.5,71.5,4.665,104.8,126.3,115.3861
268,2007-01-05,70.7,67.7,80.6,450.1,71.5,4.5017,105.1,126.8,115.3464
269,2007-01-06,71.0,67.9,81,449.8,71.2,4.2733,105.6,127.5,115.8327
270,2007-01-07,69.8,67.9,81.4,448.5,70.8,4.2045,106,128.9,115.9626
271,2007-01-08,69.1,67.8,81.6,444.2,70.3,4.1714,106.2,128.4,115.4183
272,2007-01-09,68.5,67.9,82,441.8,70.2,4.1919,106.3,129.3,116.1231
273,2007-01-10,67.8,67.6,81.7,441.0,70.1,4.3026,106.6,129.0,115.5261
274,2007-01-11,67.5,68,82.5,441.7,69.7,4.365,106.8,129.2,115.9875
275,2007-01-12,66.9,68.5,81.8,441.2,69.4,4.3651,107.1,130.4,116.1031
276,2008-01-01,66.7,68.1,80.9,440.8,68.6,4.3418,107.5,131.3,115.8185
277,2008-01-02,66.7,68.5,80.6,438.5,67.9,4.3806,107.9,132.6,114.7165
278,2008-01-03,66.7,67.8,79.9,438.4,67.1,4.4036,108.3,132.2,114.5117
279,2008-01-04,66.6,67.6,79.2,437.0,66.7,4.3891,109.8,133.2,113.4083
280,2008-01-05,66.6,67.4,80.1,434.7,66.3,4.3758,110.2,134.7,112.598
281,2008-01-06,66.6,69,79.1,431.3,65.8,4.3176,110.5,135.5,111.6511
282,2008-01-07,66.2,67.2,77.8,432.4,65.4,4.2291,111.2,134.6,110.6325
283,2008-01-08,66.0,66.9,78.3,432.4,64.6,4.2351,111.4,134.4,109.7174
284,2008-01-09,65.8,66.5,78.3,430.7,64.3,4.3293,111.5,135.7,105.9824
285,2008-01-10,66.1,64.6,77.7,427.0,63.7,4.0858,111.6,136.6,105.1929
286,2008-01-11,65.8,64.5,77.4,421.6,63.5,3.8619,111.2,137.8,102.9163
287,2008-01-12,65.4,64.2,77.9,416.2,62.8,3.7126,111.1,140.0,99.6
288,2009-01-01,64.8,64.7,75.8,407.6,62.3,3.7258,111.5,141.0,97.849
289,2009-01-02,65.0,66,75.3,400.8,62,3.7551,111.2,142.9,97.0299
290,2009-01-03,65.3,66.1,75.3,395.0,61.2,3.8401,110.6,145.1,94.8746
291,2009-01-04,65.4,67.4,76.9,387.5,61.3,3.8858,110.7,147.3,93.9824
292,2009-01-05,65.5,67.7,76.7,381.1,61.4,3.9275,110.7,148.6,93.4132
293,2009-01-06,65.4,67.5,76.7,374.0,61.2,3.9191,110.7,149.2,93.2816
294,2009-01-07,65.6,67.3,75.2,370.1,60.9,3.8615,110.8,149.5,93.4099
295,2009-01-08,65.5,67.4,75.8,367.3,60.9,3.7625,110.8,149.0,94.5067
296,2009-01-09,65.5,67.5,76.1,365.4,61.4,3.7167,110.8,149.7,94.5952
297,2009-01-10,65.6,64.9,75.7,363.6,61.6,3.6838,110.9,150.4,94.7343
298,2009-01-11,65.7,64.9,76.6,363.6,62.4,3.6541,110.9,147.3,95.5601
299,2009-01-12,65.4,64.6,74.5,363.0,61.9,3.5916,111.2,147.4,95.0639
300,2010-01-01,64.6,65,75.2,364.0,60.8,3.6021,111.2,146.7,96.1385
301,2010-01-02,64.7,64.9,74.8,365.4,60.3,3.6463,111.1,146.9,95.9758
302,2010-01-03,64.7,64.5,72.5,365.8,60.8,3.6362,110.9,147.7,96.9848
303,2010-01-04,64.6,64.3,72.5,367.5,62.1,3.5888,111,148.9,97.8544
304,2010-01-05,64.6,63.8,72.6,368.3,61.6,3.4829,111.1,149.6,98.6682
305,2010-01-06,64.2,63.4,72.5,369.8,60.1,3.4023,111,148.8,98.6966
306,2010-01-07,64.3,63,72.1,371.0,59.7,3.3822,111.1,146.1,98.6922
307,2010-01-08,63.8,62.7,72,372.0,59.4,3.389,111.4,146.8,99.1652
308,2010-01-09,63.5,62.7,72.2,371.4,59.4,3.3785,111.7,148.3,98.9945
309,2010-01-10,63.2,62.1,72.4,371.9,58.9,3.3785,111.9,149.5,99.1338
310,2010-01-11,62.2,62.1,72.2,372.1,59.1,3.4134,112.2,149.6,99.2651
311,2010-01-12,61.9,63,71.8,374.1,58.9,3.4507,112.4,148.7,99.5248
312,2011-01-01,61.9,63.2,71.1,376.3,58.2,3.4755,113.2,148.5,99.5877
313,2011-01-02,62.2,63.3,71,378.8,57.4,3.4555,113.8,148.9,99.3505
314,2011-01-03,62.1,63,71.4,381.2,57.7,3.3576,114.3,150.1,99.7868
315,2011-01-04,62.0,63,70.8,382.1,57.9,3.3234,114.8,149.3,99.8762
316,2011-01-05,62.0,62.5,70.7,382.6,57.7,3.3033,115.1,148.4,99.9054
317,2011-01-06,62.1,63,71.7,382.3,57.3,3.2808,115.2,147.6,99.7666
318,2011-01-07,61.8,63.2,70.1,384.5,56.8,3.2283,115.7,147.5,100.333
319,2011-01-08,61.6,63.2,69.7,385.7,56.5,3.2465,116,147.2,100.3538
320,2011-01-09,60.9,63.2,69.1,386.7,56.3,3.2169,116.1,146.5,100.5888
321,2011-01-10,61.1,63.3,68,386.7,56.2,3.1504,116.1,147.1,100.9235
322,2011-01-11,60.7,63.2,67.8,385.9,56,3.1515,116.3,146.2,100.9362
323,2011-01-12,60.2,63.6,69.7,384.4,55.9,3.1415,116.6,146.3,101.5275
324,2012-01-01,59.7,63.8,69.5,385.0,58.4,3.0841,116.9,147.0,102.1453
325,2012-01-02,59.8,63.4,69.2,385.8,58.5,3.1045,117.1,147.5,102.4573
326,2012-01-03,59.7,63.5,68.9,385.6,58.3,3.1312,117.3,148.7,101.8071
327,2012-01-04,59.8,63.2,67.5,385.2,58.1,3.1234,117.5,150.1,102.3873
328,2012-01-05,60.0,63.1,67.3,385.4,57.9,3.1197,117.4,148.5,101.8149
329,2012-01-06,59.7,62.9,66.9,384.8,57.8,3.1251,117.3,148.6,101.7893
330,2012-01-07,59.6,62.7,66.8,385.4,57.7,3.0652,117.3,147.9,101.6526
331,2012-01-08,59.4,62.6,66.8,382.2,57,2.9894,117.2,148.0,101.6909
332,2012-01-09,59.3,62.8,67.2,380.0,57,2.9773,117.4,147.2,101.5577
333,2012-01-10,59.3,63.2,65.8,380.3,56.9,2.9699,117.5,146.6,101.0494
334,2012-01-11,59.1,63,65.6,377.8,57.2,2.8933,117.5,145.3,101.7846
335,2012-01-12,58.8,63.1,66.2,379.1,56.9,2.836,117.4,143.9,102.1969
336,2013-01-01,58.9,63.8,66.2,378.4,57,2.7987,117.5,142.4,101.8763
337,2013-01-02,58.9,64.3,65.8,376.8,56.9,2.7212,117.4,139.8,102.1898
338,2013-01-03,58.7,64.2,65.4,375.6,56.7,2.6643,117.2,139.6,101.9266
339,2013-01-04,59.2,63,64.8,375.2,56.8,2.6462,117,139.6,101.5081
340,2013-01-05,59.4,63,64.9,374.9,56.6,2.6084,116.7,138.8,101.7307
341,2013-01-06,59.5,62.9,65,375.5,56.8,2.5727,116.6,139.5,101.8415
342,2013-01-07,59.5,63.9,64.7,374.7,56.3,2.591,116.6,139.2,101.3291
343,2013-01-08,59.4,63.8,64.9,374.7,56.3,2.5841,116.5,138.5,101.8564
344,2013-01-09,59.2,63.7,64.9,375.0,56.2,2.5626,116.4,136.5,101.8551
345,2013-01-10,59.3,62.7,64.7,372.4,56,2.5715,116.4,135.6,101.9341
346,2013-01-11,59.4,62.7,65.2,374.0,56.4,2.5606,116.5,135.3,101.6887
347,2013-01-12,59.4,62.5,65.3,371.6,56.1,2.532,116.4,134.3,101.5281
348,2014-01-01,58.9,61.9,65,369.8,56.2,2.5219,116.7,132.8,100.8823
349,2014-01-02,58.8,62,64.8,369.5,56,2.5243,116.5,131.7,101.3448
350,2014-01-03,58.8,62.2,64.9,368.5,56.3,2.5109,116.5,131.0,102.2811
351,2014-01-04,58.7,62,64.9,367.2,56.4,2.5103,116.5,131.0,102.1682
352,2014-01-05,58.7,62.2,64.7,367.1,56.5,2.5222,116.6,131.7,102.242
353,2014-01-06,58.7,62.2,64.6,365.7,56.3,2.5122,116.7,133.3,102.6722
354,2014-01-07,58.8,61.4,64.5,365.4,55.8,2.4975,116.7,134.3,102.7729
355,2014-01-08,58.8,61.6,64.6,365.7,55.5,2.5094,116.8,134.6,102.5419
356,2014-01-09,58.8,61.4,64.7,366.4,55.6,2.504,116.6,133.5,102.6991
357,2014-01-10,58.8,60.7,64.7,367.5,55.7,2.5048,116.4,134.0,102.5264
358,2014-01-11,58.8,60.8,64.2,367.1,55.4,2.4979,116.3,134.3,102.8951
359,2014-01-12,58.7,61.4,64,367.8,55.1,2.485,116.2,134.4,102.7978
360,2015-01-01,58.7,61.6,64,370.0,55,2.4905,115.9,134.9,102.139
361,2015-01-02,58.7,61.6,64,369.4,55.1,2.5111,115.5,135.3,101.5339
362,2015-01-03,58.6,61.6,63.9,369.1,54.7,2.519,115.4,135.8,101.6481
363,2015-01-04,58.6,60.9,63.9,369.8,53.9,2.5516,115,136.0,101.3999
364,2015-01-05,58.7,60.7,63.7,369.7,53.5,2.5533,115,136.3,101.1738
365,2015-01-06,58.3,60.9,63.3,369.1,53.1,2.5579,115,135.5,101.1704
366,2015-01-07,58.4,61.2,62.9,369.6,52.8,2.5129,114.7,135.3,101.2811
367,2015-01-08,58.2,60.8,63.1,369.1,52.5,2.4872,114.5,136.0,101.2901
368,2015-01-09,58.1,60.9,62.6,369.0,52.5,2.4771,114.6,136.9,100.7675
369,2015-01-10,58.1,60.4,62.5,369.6,52.3,2.4791,114.3,138.0,100.5973
370,2015-01-11,58.1,60.4,62.4,370.2,52.1,2.4365,114.1,138.0,100.5962
371,2015-01-12,58.1,60.1,62.3,370.4,51.7,2.4569,113.8,138.8,100.2976
372,2016-01-01,57.7,59.3,62.4,370.6,50.9,2.4397,113.5,138.8,100.5423
373,2016-01-02,57.6,59.3,62.2,371.0,50.6,2.4369,113.6,139.9,100.133
374,2016-01-03,57.6,59.4,62.2,369.4,50.1,2.4415,113.4,140.2,100.0302
375,2016-01-04,57.5,59.3,61.8,369.2,49.9,2.4141,113.2,140.7,99.7303
376,2016-01-05,57.5,59.2,61.5,370.7,49.7,2.4107,113.2,141.4,99.8831
377,2016-01-06,57.5,59.2,61.3,369.1,49.6,2.3792,113,142.5,99.6452
378,2016-01-07,57.4,59.1,61.2,365.9,49.1,2.3801,113,142.8,99.5811
379,2016-01-08,57.4,59.1,61.1,366.2,48.7,2.3874,113.1,142.0,99.1748
380,2016-01-09,57.1,59,61.1,364.6,48.5,2.4241,113.1,141.9,99.2405
381,2016-01-10,56.9,59,60.9,363.6,48,2.4541,113,141.9,99.3579
382,2016-01-11,56.9,59.3,60.8,362.6,48.2,2.4734,112.9,142.6,99.2827
383,2016-01-12,56.9,59.3,60.9,363.0,48.2,2.4493,112.9,141.5,99.119
384,2017-01-01,57.4,59.1,60.4,360.6,47.8,2.4237,112.7,140.5,99.5502
385,2017-01-02,57.4,59.1,60.5,360.0,47.7,2.4092,112.7,139.6,99.4369
386,2017-01-03,57.3,59.1,60.5,361.1,47.7,2.3957,112.7,140.7,99.3766
387,2017-01-04,57.6,59.1,60.6,361.1,48.1,2.4247,112.7,141.8,100.1678
388,2017-01-05,57.5,59.1,60.7,360.5,48.2,2.4237,112.7,142.0,99.9262
389,2017-01-06,57.4,59.1,60.8,361.1,48.2,2.4037,112.8,141.5,100.0886
390,2017-01-07,56.6,59.4,60.9,361.3,48.3,2.3681,113.1,140.7,100.2882
391,2017-01-08,56.5,59.4,60.9,359.8,48.2,2.3645,113.3,141.0,99.7654
392,2017-01-09,56.0,59.4,61,362.8,47.9,2.3746,113.3,140.1,99.6884
393,2017-01-10,56.0,60.6,61.1,364.8,48.1,2.3653,113.4,139.7,100.5902
394,2017-01-11,56.0,60.6,61.1,365.5,48.1,2.3652,113.3,139.8,100.8319
395,2017-01-12,56.0,60.6,61.1,367.3,48,2.3672,113.2,139.9,100.2895
396,2018-01-01,56.1,60.6,61,366.3,48.1,2.3407,113.4,139.7,99.7376
397,2018-01-02,56.3,60.5,61.3,367.0,48,2.3054,113.7,140.6,100.7041
398,2018-01-03,56.4,60.7,61.4,367.7,47.9,2.2817,113.8,138.8,100.428
399,2018-01-04,56.4,61.1,61.5,368.6,48.2,2.2618,113.8,136.6,101.2886
400,2018-01-05,56.2,61.3,61.4,368.6,48.1,2.272,113.8,131.5,101.0443
401,2018-01-06,56.2,61.3,61.1,369.3,48,2.2764,113.6,131.5,101.2142
402,2018-01-07,55.9,61.5,60.9,370.3,48,2.2921,113.6,134.0,101.7093
403,2018-01-08,55.5,61.3,60.8,369.9,48,2.3002,113.5,135.4,101.5408
404,2018-01-09,55.9,61.5,61.2,369.7,48.1,2.2878,113.4,136.2,101.3196
405,2018-01-10,55.6,61,61.2,369.9,47.8,2.272,113.4,137.0,100.9452
406,2018-01-11,55.6,61,61,370.6,47.6,2.234,113.4,137.3,100.6124
407,2018-01-12,55.6,60.9,60.6,371.6,47.4,2.2246,113.4,138.5,100.6062
408,2019-01-01,55.1,60.9,60.1,375.0,47.3,2.2615,113.8,140.3,100.2018
409,2019-01-02,55.1,60.9,60,375.5,46.7,2.2891,113.8,144.3,99.6022
410,2019-01-03,55.1,60.9,59.9,375.2,46.5,2.2903,113.8,146.9,99.386
411,2019-01-04,55.2,60.8,58.9,375.0,45.8,2.3015,113.9,150.7,98.6826
412,2019-01-05,55.1,60.7,58.7,374.8,45.2,2.3023,113.9,152.6,98.6153
413,2019-01-06,55.3,60.6,58.4,376.2,45.1,2.3202,113.9,156.3,98.6873
414,2019-01-07,55.4,60.3,57.7,377.3,45,2.3351,114,158.1,98.2054
415,2019-01-08,55.5,60.5,57.3,377.1,44.8,2.3284,114,159.9,98.7541
416,2019-01-09,55.6,60.5,57.3,377.7,45,2.3078,113.9,160.4,98.5561
417,2019-01-10,55.6,59.7,57.3,376.0,44.4,2.3037,113.8,161.1,98.08
418,2019-01-11,55.5,59.9,57.4,376.5,44.3,2.3143,113.7,163.5,98.0579
